10 1
5 14 39 37 11 33 4 18 29 19 
45 35 13 43 3 30 43 19 43 30 
0 45 23 48 50 41 31 44 29 25 
45 0 43 42 20 34 39 32 43 24 
23 43 0 29 2 43 26 43 29 40 
48 42 29 0 1 31 48 21 13 41 
50 20 2 1 0 15 45 50 42 21 
41 34 43 31 15 0 14 25 14 46 
31 39 26 48 45 14 0 10 47 17 
44 32 43 21 50 25 10 0 35 39 
29 43 29 13 42 14 47 35 0 45 
25 24 40 41 21 46 17 39 45 0 
0 0 0 0 0 
0 0 0 0 0 
0 0 0 0 0 
0 0 0 0 0 
0 0 0 0 0 

0 0 0 0 0 
0 0 0 0 0 
0 0 0 0 0 
0 0 0 0 0 
0 0 0 0 0 

0 0 0 0 0 
0 0 0 0 0 
0 0 0 0 0 
0 0 0 0 0 
0 0 0 0 0 

0 0 0 0 0 
0 0 0 0 0 
0 0 0 0 0 
0 0 0 0 0 
0 0 0 0 0 

0 0 0 0 0 
0 0 0 0 0 
0 0 0 0 0 
0 0 0 0 0 
0 0 0 0 0 

0 0 0 0 0 
0 0 0 0 0 
0 0 0 0 0 
0 0 0 0 0 
0 0 0 0 0 

0 0 0 0 0 
0 0 0 0 0 
0 0 0 0 0 
0 0 0 0 0 
0 0 0 0 0 

0 0 0 0 0 
0 0 0 0 0 
0 0 0 0 0 
0 0 0 0 0 
0 0 0 0 0 

0 0 0 0 0 
0 0 0 0 0 
0 0 0 0 0 
0 0 0 0 0 
0 0 0 0 0 

0 0 0 0 0 
0 0 0 0 0 
0 0 0 0 0 
0 0 0 0 0 
0 0 0 0 0 

