10 1
14 26 8 15 12 50 49 6 23 45 
34 37 29 15 35 34 20 24 42 50 
0 38 39 22 33 5 17 20 24 18 
38 0 1 13 20 9 28 27 17 19 
39 1 0 30 43 27 40 36 22 7 
22 13 30 0 3 4 40 38 33 3 
33 20 43 3 0 35 44 21 31 38 
5 9 27 4 35 0 32 38 1 29 
17 28 40 40 44 32 0 42 30 40 
20 27 36 38 21 38 42 0 15 31 
24 17 22 33 31 1 30 15 0 29 
18 19 7 3 38 29 40 31 29 0 
1 1 1 1 1 
1 1 1 1 1 
1 1 1 1 1 
1 1 1 1 1 
1 1 1 1 1 

1 1 1 1 1 
1 1 1 1 1 
1 1 1 1 1 
1 1 1 1 1 
1 1 1 1 1 

1 1 1 1 1 
1 1 1 1 1 
1 1 1 1 1 
1 1 1 1 1 
1 1 1 1 1 

1 1 1 1 1 
1 1 1 1 1 
1 1 1 1 1 
1 1 1 1 1 
1 1 1 1 1 

1 1 1 1 1 
1 1 1 1 1 
1 1 1 1 1 
1 1 1 1 1 
1 1 1 1 1 

1 1 1 1 1 
1 1 1 1 1 
1 1 1 1 1 
1 1 1 1 1 
1 1 1 1 1 

1 1 1 1 1 
1 1 1 1 1 
1 1 1 1 1 
1 1 1 1 1 
1 1 1 1 1 

1 1 1 1 1 
1 1 1 1 1 
1 1 1 1 1 
1 1 1 1 1 
1 1 1 1 1 

1 1 1 1 1 
1 1 1 1 1 
1 1 1 1 1 
1 1 1 1 1 
1 1 1 1 1 

1 1 1 1 1 
1 1 1 1 1 
1 1 1 1 1 
1 1 1 1 1 
1 1 1 1 1 

