15 2
35 35 47 6 29 24 16 3 34 30 12 5 47 6 48 
9 22 33 47 1 1 8 18 41 21 7 27 43 7 47 
0 44 24 35 21 19 46 23 7 12 20 2 32 17 15 
44 0 19 49 30 21 30 47 3 19 21 24 33 44 16 
24 19 0 24 6 46 48 44 14 42 35 37 16 42 12 
35 49 24 0 40 42 42 39 4 6 42 17 35 20 15 
21 30 6 40 0 6 47 39 10 37 4 6 45 18 48 
19 21 46 42 6 0 46 20 21 15 28 10 27 26 15 
46 30 48 42 47 46 0 35 49 20 15 33 22 31 38 
23 47 44 39 39 20 35 0 23 2 41 50 15 18 15 
7 3 14 4 10 21 49 23 0 20 28 31 10 47 36 
12 19 42 6 37 15 20 2 20 0 21 19 47 7 11 
20 21 35 42 4 28 15 41 28 21 0 16 18 17 37 
2 24 37 17 6 10 33 50 31 19 16 0 28 2 19 
32 33 16 35 45 27 22 15 10 47 18 28 0 1 13 
17 44 42 20 18 26 31 18 47 7 17 2 1 0 34 
15 16 12 15 48 15 38 15 36 11 37 19 13 34 0 
0 0 0 0 0 
0 0 0 0 0 
0 0 0 0 0 
0 0 0 0 0 
0 0 0 0 0 
0 0 0 0 0 
0 0 0 0 0 
0 0 0 0 0 
0 0 0 0 0 
0 0 0 0 0 
0 0 0 0 0 
0 0 0 0 0 
0 0 0 0 0 
0 0 0 0 0 
0 0 0 0 0 
0 0 0 0 0 
0 0 0 0 0 
0 0 0 0 0 
0 0 0 0 0 
0 0 0 0 0 
0 0 0 0 0 
0 0 0 0 0 
0 0 0 0 0 
0 0 0 0 0 
0 0 0 0 0 
0 0 0 0 0 
0 0 0 0 0 
0 0 0 0 0 
0 0 0 0 0 
0 0 0 0 0 
0 0 0 0 0 
0 0 0 0 0 
0 0 0 0 0 
0 0 0 0 0 
0 0 0 0 0 
0 0 0 0 0 
0 0 0 0 0 
0 0 0 0 0 
0 0 0 0 0 
0 0 0 0 0 
0 0 0 0 0 
0 0 0 0 0 
0 0 0 0 0 
0 0 0 0 0 
0 0 0 0 0 
0 0 0 0 0 
0 0 0 0 0 
0 0 0 0 0 
0 0 0 0 0 
0 0 0 0 0 
0 0 0 0 0 
0 0 0 0 0 
0 0 0 0 0 
0 0 0 0 0 
0 0 0 0 0 
0 0 0 0 0 
0 0 0 0 0 
0 0 0 0 0 
0 0 0 0 0 
0 0 0 0 0 
0 0 0 0 0 
0 0 0 0 0 
0 0 0 0 0 
0 0 0 0 0 
0 0 0 0 0 
0 0 0 0 0 
0 0 0 0 0 
0 0 0 0 0 
0 0 0 0 0 
0 0 0 0 0 
0 0 0 0 0 
0 0 0 0 0 
0 0 0 0 0 
0 0 0 0 0 
0 0 0 0 0 
