15 2
4 45 47 48 7 24 25 4 50 46 7 30 46 38 40 
31 18 21 8 14 14 19 13 29 29 34 20 6 11 33 
0 27 39 43 28 33 34 36 3 5 6 11 48 3 50 
27 0 10 22 34 11 44 30 35 50 2 48 10 42 17 
39 10 0 23 33 18 30 36 29 35 16 4 33 32 13 
43 22 23 0 42 2 26 19 46 18 43 1 34 46 11 
28 34 33 42 0 28 15 15 24 36 35 16 38 23 14 
33 11 18 2 28 0 46 43 6 4 23 45 23 4 16 
34 44 30 26 15 46 0 41 39 38 25 25 18 44 46 
36 30 36 19 15 43 41 0 24 32 5 45 41 36 46 
3 35 29 46 24 6 39 24 0 50 9 14 13 28 24 
5 50 35 18 36 4 38 32 50 0 41 9 12 1 50 
6 2 16 43 35 23 25 5 9 41 0 4 50 41 43 
11 48 4 1 16 45 25 45 14 9 4 0 16 32 24 
48 10 33 34 38 23 18 41 13 12 50 16 0 35 8 
3 42 32 46 23 4 44 36 28 1 41 32 35 0 29 
50 17 13 11 14 16 46 46 24 50 43 24 8 29 0 
0 1 1 0 1 
0 0 0 0 1 
1 1 0 1 1 
1 0 0 0 0 
1 1 0 1 1 
1 1 1 0 0 
1 0 0 0 1 
0 1 1 0 0 
1 1 0 1 1 
1 0 1 0 0 
1 0 1 0 0 
0 1 0 0 0 
0 1 1 1 1 
1 1 1 1 1 
0 0 0 1 1 
1 1 0 1 0 
1 0 0 1 1 
1 1 0 1 0 
0 1 0 1 0 
1 1 1 1 1 
0 1 1 0 1 
1 1 0 1 1 
1 0 0 1 0 
0 1 1 1 1 
1 0 1 1 0 
1 0 1 1 0 
1 0 0 0 0 
1 0 1 1 1 
0 1 0 1 1 
1 0 1 0 0 
0 0 1 0 0 
0 1 1 0 0 
0 1 0 0 0 
0 1 1 0 0 
1 1 0 1 0 
1 0 0 1 1 
1 0 0 1 1 
1 0 1 0 0 
0 1 1 0 0 
1 1 1 1 1 
1 0 0 1 0 
0 1 1 1 0 
0 1 0 0 1 
0 0 1 0 0 
1 1 1 1 1 
0 0 0 0 1 
1 0 1 1 1 
0 1 0 0 0 
0 0 0 1 0 
1 0 1 1 0 
0 1 0 1 1 
0 1 1 1 1 
0 1 1 1 0 
1 0 0 0 0 
0 1 1 1 1 
0 1 1 0 0 
1 0 0 1 0 
0 1 1 1 0 
1 0 0 1 1 
0 0 0 1 0 
0 1 1 1 1 
1 0 1 0 1 
0 0 0 1 1 
1 0 0 0 0 
1 0 1 0 0 
0 0 0 1 1 
0 0 1 1 1 
0 0 0 1 0 
0 1 1 1 0 
0 1 0 0 0 
1 0 1 0 1 
1 0 1 0 0 
0 1 0 1 0 
1 1 1 0 0 
0 1 0 0 1 
